fx_d = 5.8262448167737955e+02;
fy_d = 5.8269103270988637e+02;
cx_d = 3.1304475870804731e+02;
cy_d = 2.3844389626620386e+02;